% prodat.m
% 初始化
function[alphabet,targets]=prodat
% 每个字母可以用7×5的小方格来表示，即用一列35个数字的组合来代表一种字母
letterA = [0 0 1 0 0 ...
           0 1 0 1 0 ...
           0 1 0 1 0 ...
           1 0 0 0 1 ...
           1 1 1 1 1 ...
           1 0 0 0 1 ...
           1 0 0 0 1]';     % 矩阵后的一撇'表示转置
letterB = [1 1 1 1 0 ...
           1 0 0 0 1 ...
           1 0 0 0 1 ...
           1 1 1 1 0 ...
           1 0 0 0 1 ...
           1 0 0 0 1 ...
           1 1 1 1 0]';
letterC = [0 1 1 1 0 ...
           1 0 0 0 1 ...
           1 0 0 0 0 ...
           1 0 0 0 0 ...
           1 0 0 0 0 ...
           1 0 0 0 1 ...
           0 1 1 1 0]';
letterD = [1 1 1 1 0 ...
           1 0 0 0 1 ...
           1 0 0 0 1 ...
           1 0 0 0 1 ...
           1 0 0 0 1 ...
           1 0 0 0 1 ...
           1 1 1 1 0]';
letterE = [1 1 1 1 1 ...
           1 0 0 0 0 ...
           1 0 0 0 0 ...
           1 1 1 1 1 ...
           1 0 0 0 0 ...
           1 0 0 0 0 ...
           1 1 1 1 1]';
letterF = [1 1 1 1 1 ...
           1 0 0 0 0 ...
           1 0 0 0 0 ...
           1 1 1 1 1 ...
           1 0 0 0 0 ...
           1 0 0 0 0 ...
           1 0 0 0 0]';
letterG = [0 1 1 1 1 ...
           1 0 0 0 0 ...
           1 0 0 0 0 ...
           1 0 0 1 1 ...
           1 0 0 0 1 ...
           1 0 0 0 1 ...
           0 1 1 1 1]';
letterH = [1 0 0 0 1 ...
           1 0 0 0 1 ...
           1 0 0 0 1 ...
           1 1 1 1 1 ...
           1 0 0 0 1 ...
           1 0 0 0 1 ...
           1 0 0 0 1]';
letterI = [1 1 1 1 1 ...
           0 0 1 0 0 ...
           0 0 1 0 0 ...
           0 0 1 0 0 ...
           0 0 1 0 0 ...
           0 0 1 0 0 ...
           1 1 1 1 1]';
letterJ = [1 1 1 1 1 ...
           0 0 0 1 0 ...
           0 0 0 1 0 ...
           0 0 0 1 0 ...
           0 0 0 1 0 ...
           0 1 0 1 0 ...
           0 0 1 0 0]';
letterK = [1 0 0 0 1 ...
           1 0 0 1 0 ...
           1 0 1 0 0 ...
           1 1 0 0 0 ...
           1 0 1 0 0 ...
           1 0 0 1 0 ...
           1 0 0 0 1]';
letterL = [1 0 0 0 0 ...
           1 0 0 0 0 ...
           1 0 0 0 0 ...
           1 0 0 0 0 ...
           1 0 0 0 0 ...
           1 0 0 0 0 ...
           1 1 1 1 1]';
letterM = [0 1 0 1 0 ...
           0 1 0 1 0 ...
           1 0 1 0 1 ...
           1 0 1 0 1 ...
           1 0 1 0 1 ...
           1 0 1 0 1 ...
           1 0 1 0 1]';
letterN = [1 0 0 0 1 ...
           1 1 0 0 1 ...
           1 0 1 0 1 ...
           1 1 1 0 1 ...
           1 0 1 0 1 ...
           1 0 0 1 1 ...
           1 0 0 0 1]';
letterO = [0 1 1 1 0 ...
           1 0 0 0 1 ...
           1 0 0 0 1 ...
           1 0 0 0 1 ...
           1 0 0 0 1 ...
           1 0 0 0 1 ...
           0 1 1 1 0]';
letterP = [1 1 1 1 0 ...
           1 0 0 0 1 ...
           1 0 0 0 1 ...
           1 1 1 1 0 ...
           1 0 0 0 0 ...
           1 0 0 0 0 ...
           1 0 0 0 0]';
letterQ = [0 1 1 1 0 ...
           1 0 0 0 1 ...
           1 0 0 0 1 ...
           1 0 0 0 1 ...
           1 0 0 1 1 ...
           0 1 1 1 1 ...
           0 0 0 0 1]';
letterR = [1 1 1 1 0 ...
           1 0 0 0 1 ...
           1 0 0 0 1 ...
           1 1 1 1 0 ...
           1 0 1 0 0 ...
           1 0 0 1 0 ...
           1 0 0 0 1]';
letterS = [0 1 1 1 0 ...
           1 0 0 0 1 ...
           1 0 0 0 0 ...
           0 1 1 1 0 ...
           0 0 0 0 1 ...
           1 0 0 0 1 ...
           0 1 1 1 0]';
letterT = [1 1 1 1 1 ...
           0 0 1 0 0 ...
           0 0 1 0 0 ...
           0 0 1 0 0 ...
           0 0 1 0 0 ...
           0 0 1 0 0 ...
           0 0 1 0 0]';
letterU = [1 0 0 0 1 ...
           1 0 0 0 1 ...
           1 0 0 0 1 ...
           1 0 0 0 1 ...
           1 0 0 0 1 ...
           1 0 0 0 1 ...
           0 1 1 1 0]';
letterV = [1 0 0 0 1 ...
           1 0 0 0 1 ...
           0 1 0 1 0 ...
           0 1 0 1 0 ...
           0 1 0 1 0 ...
           0 0 1 0 0 ...
           0 0 1 0 0]';
letterW = [1 0 1 0 1 ...
           1 0 1 0 1 ...
           1 0 1 0 1 ...
           1 0 1 0 1 ...
           1 0 1 0 1 ...
           0 1 0 1 0 ...
           0 1 0 1 0]';
letterX = [1 0 0 0 1 ...
           0 1 0 1 0 ...
           0 1 0 1 0 ...
           0 0 1 0 0 ...
           0 1 0 1 0 ...
           0 1 0 1 0 ...
           1 0 0 0 1]';
letterY = [1 0 0 0 1 ...
           1 0 0 0 1 ...
           0 1 0 1 0 ...
           0 0 1 0 0 ...
           0 0 1 0 0 ...
           0 0 1 0 0 ...
           0 0 1 0 0]';
letterZ = [1 1 1 1 1 ...
           0 0 0 0 1 ...
           0 0 0 1 0 ...
           0 0 1 0 0 ...
           0 1 0 0 0 ...
           1 0 0 0 0 ...
           1 1 1 1 1]';

alphabet=[letterA,letterB,letterC,letterD,letterE,letterF,letterG,letterH,...
    letterI,letterJ,letterK,letterL,letterM,letterN,letterO,letterP,...
    letterQ,letterR,letterS,letterT,letterU,letterV,letterW,letterX,...
    letterY,letterZ];
% alphabet为35×26的矩阵，每一列代表一个字母
targets=eye(26);
end